-1.508013849049786
0.9213983254752559
-1.3577259807495883
1.6707607167202914
-0.27981484763960196
-0.6474472518020894
-0.014973391404413235
0.13311252703683316
-1.1847036967910862
1.669396188435912
2.0032014702828773
-0.3539671208566007
-1.464053203189762
-1.2284117198032476
-0.7427843386010612
0.2924943364778343
-0.15290252510377025
-0.8071087554638462
-1.4860248877594215
2.106015714976012
-0.9826541134974031
0.7864042100326777
1.386309647908333
1.4756765886395078
-0.9261931501210633
0.03236699261799579
0.3328774976262745
-0.42892028376777647
-1.0397502190681929
1.45495413460034
-0.23477948846207325
0.3083016947690611
-0.4103962665843862
0.9206709100152607
0.31374588257310293
1.4103238445640731
-0.3960419326707434
-0.1658244493115911
0.1937387654397055
0.15663323283600658
-0.46529010981504804
1.3740122304713709
1.559185866760708
-1.0119792475972484
0.7847583955476738
0.6241671622550644
-1.1647446934529875
-0.28572614299583576
0.09284658638154808
-0.1348092725249988
-1.3615820864596102
1.4337666899659995
-0.1831039641465212
-1.769129442946811
0.8195978300532992
-0.8079749845528015
-0.7408723801429744
0.06797587456395986
-0.27190411851128843
-0.593089462381257
-0.004916579863626858
1.0299700091186912
-1.1013434970179914
0.0073102244390758665
1.1457093569280945
1.0697671710915815
-0.3278957014242158
-1.654392774130361
0.5088091078834625
0.017839441198692973
0.6867927715807287
-0.3510822592227442
0.7706603449854665
-1.124249927797032
2.221340043266654
0.17751958806216278
0.8460684903378546
-0.6829358318653247
0.10708336968790966
-1.1932677217455505
0.20859335633308976
0.3227591639485764
-0.8119560334644387
-1.413299390432005
-0.1823611917672097
-0.4267322496773336
-1.2280597051098818
-0.20479959291508387
0.2616078999781684
1.1400328564127895
-0.5889952459619249
0.382175949639347
0.7257404005460729
-0.9880308142727483
0.6197847246215352
0.08521323587874864
-0.49831952429798426
-1.2915478695041474
1.0647364111897686
0.3034439916371525
-0.08937663593208436
-0.3574008056932774
-0.8373154412128595
1.6342052565020915
-1.3605308191139107
-0.05635973465010805
2.00146084131968
-0.7275386019666442
0.637018650096151
1.87968061084721
0.37124485298633225
1.5135979060124647
1.8003838780137764
-0.25953706471721816
0.5558098450734175
2.1795757727478744
0.8156906314549716
-0.4728161317758784
0.011682792120183989
-0.14066796108451568
-0.011898588334433058
-2.6936840158835778
-0.8453383641710106
1.6940567358415604
0.4643571693248129
0.6850229586111963
-1.503946063129983
-0.4384822529483863
1.3686904671401567
0.46583057414132073
0.2084132313534295
0.2864530884648656
1.643217922207249
0.355894710869912
2.6991021890289613
0.36002784228620976
1.0750557872696445
-1.4248041443074029
0.04447829386249765
0.45184961384983063
0.7124575688664533
-1.122214338543593
0.15151902517096624
0.8188998077902514
0.27843153814668126
1.6677084615151607
-1.9133947882728954
0.09907825499076149
-0.49539346476438223
0.7435737478247524
-1.218313314810847
0.5775130073712698
0.5993082699976343
-0.6473915399706129
0.19177644693696208
-0.37843135437390063
-0.019818493119342973
1.9969444202271356
0.26838050231709487
-1.4188882405729693
-0.11686205111883266
1.6953895396284724
0.10282008363258355
-0.2570464377205828
0.4041842780471005
-1.1441623484714847
0.9319205243798495
-0.46662643861254777
0.6076618822808746
-0.767757975250424
0.47000945994805693
-0.05448520295194779
0.617805699395335
0.4246186559863576
-1.497329606014435
-0.9027720682841456
-0.5918383018109772
-6.161037859526836e-05
0.3542093482664059
-0.0951551054707815
-2.033042873786009
-0.5962465075658058
-0.9171337903672798
-0.8070470321472355
-0.6714746259391128
2.6840263318788105
-1.9545646973785407
-0.6323474828715697
-1.6312015082375024
-0.21002582117823548
0.042196414559961655
2.0356416511495468
0.348632470759116
-0.16992234563849332
-1.2813634136890424
0.6574216231276252
-0.00933355706723665
-0.7415433360752053
0.4988222402301561
-1.2545073547217254
0.5118923965887103
3.435234653465659
1.6679307671309598
0.9702745849792964
-0.41140368355001744
-0.05037364401496671
1.0111734905250358
-1.0046975191794087
0.8431676028619394
2.1434212144156986
0.06504097249749025
0.3198266228779158
-0.11747360736150543
-0.6210309901295531
-1.2247921336833139
0.1286667619264184
1.5441250113998084
-0.11730394625996514
-0.8534190844078087
-1.6531234435931965
0.5070742925842457
-0.6621689458881488
0.5333923340021894
1.8951569008275047
0.532499103796989
0.4196548373716503
0.3760097110247538
-0.9909041753339716
0.40934551246612505
0.16176552016883156
1.5655941478949063
-0.03984801809376299
0.784575472420128
0.23181213558181815
-0.13465095791725148
0.318611573068051
-1.3118725130388762
0.0396836668490734
0.9908294218623308
-0.5858725211436506
-0.8671441663505918
0.6224628123668546
0.44087513152938473
-1.0634019394892713
-0.09837775248450917
-0.5014925564245398
1.539022872149012
0.6416346860911932
-0.5603816251980206
1.103869107452999
-0.3324645331837956
-0.1343218283143052
-1.3481079945226813
0.7170487041760809
1.1421473522477505
-0.24238213719787394
-2.8393684493052227
-0.4751970114093131
-0.08403308978598356
-0.009112434165629726
0.9262427917611817
-2.0362491708779675
0.06453664975504593
0.5933041477475502
-0.6335864053155023
0.7411901531356359
0.5221303448592408
0.9047424841021013
0.6216090535447977
0.9050650459740399
-0.6826190263091241
-0.16085938556325222
1.9760103425814752
-0.6447382478600305
0.9037484271265055
-1.3552085815043384
-1.604984017572358
1.4524003107766637
0.767443681272747
-0.4532417141028001
1.1681502133928807
0.30702822252359646
-1.9114746988070577
0.17240739905750938
0.852198000845507
1.2662509538856053
0.20875869457343343
0.16064252491605763
-0.10450729390488599
-1.610595647019853
0.18001205440163245
0.23842608348507466
0.3261823404357902
-0.7690479407342838
-0.7260145113099493
-0.7913789501837613
0.9268171100824588
-0.3697131918004601
2.884124188732507
-0.7958859832618445
-0.500925466199456
-1.7070033566815455
0.6402186675449705
-0.6272723135582352
1.1876193251708946
-0.7512790814296376
-1.2784836945810238
0.19611156215279993
-0.9919203960919755
-0.9295703361650104
-1.2203374232604693
-0.5891399359330531
-1.2167305123466194
1.3331262873312426
-1.1620449452098414
-2.0951481017595204
0.9650689391904584
0.3859450382182933
-0.3123957778212046
1.3367532047490844
-0.983082841848155
-0.3920625153489562
0.2106772845027483
0.7496077665787084
-0.3372904064716876
-0.805034136511544
0.4090011965467719
0.06829292753264121
-0.07707042003054519
2.2687562302933175
1.0284497669213557
0.6490201481531368
-0.13779380333607583
-1.6782050518867548
-2.639340744471836
-0.2561980041963493
-1.0291401965226226
-0.527954267763264
-0.36140371642184976
-1.5518448579504651
-0.5558474062494082
1.265197151801687
0.6354710131805802
0.6508494849139456
0.20734881468926844
-1.6412189911615704
-0.11534215980103905
0.2380810471734907
-1.386415152861435
-1.3138514025797323
-1.038581394663064
-0.7508902732854014
1.9296696898543342
-0.5431220917664955
-2.073972002456281
-0.9375518552481814
-1.04147862809371
-0.10665166371655982
1.2269395318084861
1.0726141090891177
1.8975935624243376
0.48340515808481055
-1.212050624544117
-0.4843026306363577
0.4615505035925081
0.748663618108068
-0.39242147983437914
-1.4032176635129392
1.3594041161209458
-0.7943355366494008
1.7711841873742276
0.4980920829775226
0.6748263998420212
-0.1736677896684461
-0.4164635566529435
-0.21205163524569887
0.23385711919820718
-1.1595551489827833
0.6433955603599805
-0.5358995690189698
-0.8633593394525437
0.08108311121899207
-2.1054160141275284
-0.33910794479605316
-1.5444841416495538
0.7496991621570305
0.4918736954393591
1.0167169793301516
1.069180513168926
0.42992074482175757
0.08792168863187043
-0.47289723788688426
-0.6079726932820503
0.9269683069824215
-1.589761397890035
0.029383591661732322
-1.5455057953870646
-0.2598012020388371
-1.7233386778772073
-0.03368676899757016
-2.821765213026449
-0.37043983702335215
-0.4964843453350017
-0.9791183199395687
0.4493725290411547
1.3275662096116743
1.4558165443417084
-0.48447913814876387
-0.7758044558891779
-0.3098612300110453
0.2213452388647513
-0.7798759371405565
-0.20567860488134784
0.3021794356259808
0.7906288246250113
-1.0874978126379018
-0.8921817436499123
1.0919039465413098
0.3051728572798162
-0.18195027895760893
0.031585893441253524
1.6269425121652954
1.0740785252139624
0.7538729806171994
-1.4850077123990468
0.6066249132572081
-0.5514937830311964
-0.41490565740929636
-1.0513367033352288
0.33167007145680966
0.9835457395806925
0.7646854796917059
1.4111274877926816
1.2593034076414524
1.0720774417514862
-0.10753561699533744
0.41862990049411636
1.504622629720747
-1.4782863798573014
0.492556140218994
1.1212448063294564
-0.6302406575482227
0.1200834252851792
0.4605581094665358
-0.2805473982029093
2.143988251770462
-1.1125940906225726
0.8825758369413667
0.23275201083958727
0.4006534558494345
1.026291748816494
0.6960909199499081
-0.6912750895545077
-0.37744819071941793
0.41846596402782094
0.35493196073229216
-0.3658793452001006
-0.1751024099529364
0.40336948846075893
-1.0189946061059911
-0.6532703085567316
1.116836092826248
-0.28770660502106304
0.666219106983175
0.19543300665422642
-0.9917087229575579
-0.5576448902137146
-0.5521633375730587
1.007653492695547
0.032492399710341235
-0.42400186139094703
-0.7934091149944711
0.16091309356355013
1.000033962497867
1.7314435323349753
0.2718613241355898
-0.06353910843253786
-0.3126216944961476
-1.922191709054777
-0.4270071803953637
-2.835195086011334
-2.0419513725835197
-0.470019277368481
-1.0184918505202885
1.0444814650618592
-0.3852139995518642
-0.07466115260383283
1.5049024312614945
-0.6580472030759746
-1.7745819383443315
-0.20323708071664398
-0.07904109779505246
-0.8502066443090406
-0.9487425815272892
0.5218057262546468
-0.697195904949239
1.484765265226801
-0.5943913236463956
-0.5914502936247409
1.6072102255531326
0.1859414179895565
0.9300884814671799
1.6137861297780347
0.9595688997832083
-1.595653469856683
-0.7743834310753082
-0.9688836109656203
-0.555989281674397
-1.2160635340268524
-0.26888171618023865
-0.28258133373897903
-0.25437723694204467
